<?xml version="1.0"?>
<opencv_storage>
<r1 type_id="opencv-matrix">
  <rows>3</rows>
  <cols>3</cols>
  <dt>d</dt>
  <data>
    9.9634531954515204e-001 1.0662072797503318e-002
    8.4748595410954974e-002 -1.0645558051263344e-002
    9.9994312526153606e-001 -6.4678896816203527e-004
    -8.4750671467818950e-002 -2.5777093104863700e-004
    9.9640215638059570e-001</data></r1>
<r2 type_id="opencv-matrix">
  <rows>3</rows>
  <cols>3</cols>
  <dt>d</dt>
  <data>
    9.9558951701962639e-001 4.3952279361700727e-003
    9.3713369227747284e-002 -4.4134927758882623e-003
    9.9999026041698491e-001 -1.2356693351821041e-005
    -9.3712510809091890e-002 -4.0130108372468058e-004
    9.9559921869962120e-001</data></r2>
<p1 type_id="opencv-matrix">
  <rows>3</rows>
  <cols>4</cols>
  <dt>d</dt>
  <data>
    1.6313062257176239e+003 0. 1.7933804130554199e+002 0. 0.
    1.6313062257176239e+003 2.3834960365295410e+002 0. 0. 0. 1. 0.</data></p1>
<p2 type_id="opencv-matrix">
  <rows>3</rows>
  <cols>4</cols>
  <dt>d</dt>
  <data>
    1.6313062257176239e+003 0. 1.7933804130554199e+002
    -3.2639375774403630e+004 0. 1.6313062257176239e+003
    2.3834960365295410e+002 0. 0. 0. 1. 0.</data></p2>
<q type_id="opencv-matrix">
  <rows>4</rows>
  <cols>4</cols>
  <dt>d</dt>
  <data>
    1. 0. 0. -1.7933804130554199e+002 0. 1. 0. -2.3834960365295410e+002
    0. 0. 0. 1.6313062257176239e+003 0. 0. 4.9979700500183057e-002 0.</data></q>
</opencv_storage>
