<?xml version="1.0"?>
<opencv_storage>
<intrinsic type_id="opencv-matrix">
  <rows>3</rows>
  <cols>3</cols>
  <dt>d</dt>
  <data>
    1.6845278482869592e+003 0. 3.3837070363988073e+002 0.
    1.6871416523493706e+003 2.4095151451752815e+002 0. 0. 1.</data></intrinsic>
<distortion type_id="opencv-matrix">
  <rows>5</rows>
  <cols>1</cols>
  <dt>d</dt>
  <data>
    -5.8876421216948227e-001 2.7072543696105464e+000
    1.4223504059818627e-003 -8.4568174239526184e-004
    -2.3164563400971698e+001</data></distortion>
</opencv_storage>
