<?xml version="1.0"?>
<opencv_storage>
<rotation type_id="opencv-matrix">
  <rows>3</rows>
  <cols>3</cols>
  <dt>d</dt>
  <data>
    9.9994013778028357e-001 6.2259625084155413e-003
    -8.9976800782959471e-003 -6.2322790491232483e-003
    9.9998035191642820e-001 -6.7415053978694126e-004
    8.9933060551400761e-003 7.3018623668188651e-004
    9.9995929280859142e-001</data></rotation>
<translation type_id="opencv-matrix">
  <rows>3</rows>
  <cols>1</cols>
  <dt>d</dt>
  <data>
    -1.9919877611431065e+001 -8.7940261589881552e-002
    -1.8750286274205181e+000</data></translation>
<essential type_id="opencv-matrix">
  <rows>3</rows>
  <cols>3</cols>
  <dt>d</dt>
  <data>
    -1.2476575318226100e-002 1.8749275739326838e+000
    -8.9200733350112013e-002 -1.6957708281043167e+000
    2.8713625317286183e-003 1.9935937636887481e+001
    2.1208123318944141e-001 -1.9918938711239377e+001
    1.2637737904448648e-002</data></essential>
<fundamental type_id="opencv-matrix">
  <rows>3</rows>
  <cols>3</cols>
  <dt>d</dt>
  <data>
    4.4101148144453826e-008 -6.6166856327401485e-006
    2.0667424373162669e-003 5.9847816622242109e-006
    -1.0117441027919178e-008 -1.2086310877422418e-001
    -2.7197658044675571e-003 1.2065460613536737e-001 1.</data></fundamental>
</opencv_storage>
